year	cpi_1983	cpi_2012
2013	232.957	100
2012	229.59399	98.556389
2011	224.939	96.558167
2010	218.056	93.603539
2009	214.537	92.092964
2008	215.30299	92.421776
2007	207.342	89.00441
2006	201.60001	86.539574
2005	195.3	83.835213
2004	188.89999	81.087929
2003	183.96001	78.967361
2002	179.88	77.215965
2001	177.10001	76.022614
2000	172.2	73.91922
1999	166.60001	71.515343
1998	163	69.969994
1997	160.5	68.896835
1996	156.89999	67.351486
1995	152.39999	65.4198
1994	148.2	63.61689
1993	144.5	62.028614
1992	140.3	60.225708
1991	136.2	58.465725
1990	130.7	56.104774
1989	124	53.228706
1988	118.3	50.781902
1987	113.6	48.764362
1986	109.6	47.04731
1985	107.6	46.188782
1984	103.9	44.600506
1983	99.599998	42.754673
1982	96.5	41.423954
1981	90.900002	39.020077
1980	82.400002	35.371334
1979	72.599998	31.164549
1978	65.199997	27.987997
1977	60.599998	26.013384
1976	56.900002	24.425108
1975	53.799999	23.094391
1974	49.299999	21.162704
1973	44.400002	19.059311
1972	41.799999	17.943226
1971	40.5	17.385183
1970	38.799999	16.655434
1969	36.700001	15.753981
1968	34.799999	14.938379
1967	33.400002	14.33741
1966	32.400002	13.908146
1965	31.5	13.521809
1964	31	13.307177
1963	30.6	13.135471
1962	30.200001	12.963766
1961	29.9	12.834987
1960	29.6	12.706207
1959	29.1	12.491575
1958	28.9	12.405723
1957	28.1	12.062312
1956	27.200001	11.675975
1955	26.799999	11.504269
1954	26.9	11.547195
